mcnp   version 5.mpi ld=02052015  probid =  02/23/16 05:42:57 
 c phong chup ct scanner                                                         
 Number of histories used for normalizing tallies =    1000000000.00

 Mesh Tally Number   4
 This is a photon mesh tally.

 Tally bin boundaries:
    X direction:    -10.00     -9.00     -8.00     -7.00     -6.00     -5.00     -4.00     -3.00     -2.00     -1.00      0.00      1.00      2.00      3.00      4.00      5.00      6.00      7.00      8.00      9.00     10.00
    Y direction:     -2.50     -1.50     -0.50      0.50      1.50      2.50
    Z direction:   -196.00   -195.00
    Energy bin boundaries: 1.00E-03 1.00E+36

Energy Bin:  1.00E-03 - 1.00E+36 MeV

  Z bin:    -196.00   -  -195.00

     Tally Results:  X (across) by Y (down)
                -9.50       -8.50       -7.50       -6.50       -5.50       -4.50       -3.50       -2.50       -1.50       -0.50        0.50        1.50        2.50        3.50        4.50        5.50        6.50        7.50        8.50        9.50
        -2.00 2.80546E+03 8.85082E+03 1.24004E+04 0.00000E+00 0.00000E+00 1.24687E+04 7.01636E+03 0.00000E+00 0.00000E+00 7.41716E+03 0.00000E+00 0.00000E+00 5.14219E+03 1.05638E+04 2.11280E+03 2.89397E+04 2.13721E+04 2.12594E+04 9.36459E+03 1.87100E+04
        -1.00 1.07814E+04 8.78372E+03 9.62083E+03 0.00000E+00 0.00000E+00 2.92190E+03 0.00000E+00 0.00000E+00 0.00000E+00 0.00000E+00 0.00000E+00 8.00001E+03 1.56049E+02 1.13653E+04 8.68172E+03 1.65382E+04 8.68172E+03 8.68172E+03 1.53191E+04 6.04649E+03
         0.00 1.61764E+04 6.17263E+03 6.39006E+03 1.47115E+04 1.12359E+04 0.00000E+00 0.00000E+00 9.28696E+03 0.00000E+00 0.00000E+00 0.00000E+00 0.00000E+00 0.00000E+00 0.00000E+00 0.00000E+00 4.12674E+03 1.47354E+04 4.82679E+03 1.56036E+04 1.88352E+04
         1.00 4.85482E+03 8.05783E+03 1.33413E+02 0.00000E+00 2.04914E+04 0.00000E+00 1.98152E+03 7.23104E+03 0.00000E+00 0.00000E+00 7.74638E+03 0.00000E+00 1.18434E+04 2.27770E+04 4.16831E+02 7.59775E+03 1.17224E+04 1.56396E+04 0.00000E+00 0.00000E+00
         2.00 1.90713E+04 8.23357E+03 1.66602E+04 2.15048E+04 0.00000E+00 1.06824E+04 1.04778E+04 8.88934E+02 1.09572E+04 7.72632E+03 6.14528E+03 9.91042E+03 1.76752E+04 7.65489E+03 1.43481E+03 0.00000E+00 3.06968E+03 7.50203E+03 0.00000E+00 7.52472E+03

     Relative Errors
                -9.50       -8.50       -7.50       -6.50       -5.50       -4.50       -3.50       -2.50       -1.50       -0.50        0.50        1.50        2.50        3.50        4.50        5.50        6.50        7.50        8.50        9.50
        -2.00 1.00000     0.95606     1.00000     0.00000     0.00000     0.81098     1.00000     0.00000     0.00000     1.00000     0.00000     0.00000     1.00000     0.72148     0.82146     0.92268     0.67958     0.71210     1.00000     0.70711
        -1.00 1.00000     1.00000     1.00000     0.00000     0.00000     1.00000     0.00000     0.00000     0.00000     0.00000     0.00000     1.00000     1.00000     0.78494     1.00000     0.70799     1.00000     1.00000     0.71338     0.88853
         0.00 0.71066     1.00000     0.78529     0.82326     1.00000     0.00000     0.00000     1.00000     0.00000     0.00000     0.00000     0.00000     0.00000     0.00000     0.00000     1.00000     0.72393     1.00000     0.62381     0.71333
         1.00 1.00000     1.00000     1.00000     0.00000     0.70716     0.00000     1.00000     1.00000     0.00000     0.00000     1.00000     0.00000     0.70711     0.64971     1.00000     0.81605     0.84744     0.71049     0.00000     0.00000
         2.00 0.64930     1.00000     0.71175     0.59596     0.00000     1.00000     0.94603     1.00000     0.76257     1.00000     1.00000     1.00000     0.70766     0.70836     1.00000     0.00000     1.00000     1.00000     0.00000     1.00000


