mcnp   version 5.mpi ld=02052015  probid =  02/22/16 20:33:25 
 c phong chup ct scanner                                                         
 Number of histories used for normalizing tallies =    1000000000.00

 Mesh Tally Number   4
 This is a photon mesh tally.

 Tally bin boundaries:
    X direction:    -10.00     -9.00     -8.00     -7.00     -6.00     -5.00     -4.00     -3.00     -2.00     -1.00      0.00      1.00      2.00      3.00      4.00      5.00      6.00      7.00      8.00      9.00     10.00
    Y direction:     -2.50     -1.50     -0.50      0.50      1.50      2.50
    Z direction:   -196.00   -195.00
    Energy bin boundaries: 1.00E-03 1.00E+36

Energy Bin:  1.00E-03 - 1.00E+36 MeV

  Z bin:    -196.00   -  -195.00

     Tally Results:  X (across) by Y (down)
                -9.50       -8.50       -7.50       -6.50       -5.50       -4.50       -3.50       -2.50       -1.50       -0.50        0.50        1.50        2.50        3.50        4.50        5.50        6.50        7.50        8.50        9.50
        -2.00 1.22158E+04 1.85489E+04 0.00000E+00 0.00000E+00 0.00000E+00 2.60488E+03 1.70419E+04 0.00000E+00 6.53729E+03 8.79867E+02 0.00000E+00 0.00000E+00 2.80122E+04 2.52369E+04 0.00000E+00 0.00000E+00 1.33095E+03 0.00000E+00 1.17087E+04 1.11260E+04
        -1.00 8.68172E+03 8.68172E+03 1.83025E+04 8.68172E+03 8.68172E+03 1.14418E+04 3.04598E+03 0.00000E+00 0.00000E+00 0.00000E+00 0.00000E+00 8.00001E+03 0.00000E+00 3.23312E+03 0.00000E+00 7.85647E+03 0.00000E+00 0.00000E+00 0.00000E+00 7.36028E+03
         0.00 9.92153E+03 1.56154E+04 1.80819E+04 1.17416E+04 1.07363E+03 0.00000E+00 0.00000E+00 9.28696E+03 0.00000E+00 0.00000E+00 0.00000E+00 0.00000E+00 0.00000E+00 0.00000E+00 0.00000E+00 3.77827E+03 9.55966E+03 8.01274E+03 1.75165E+04 2.33941E+04
         1.00 2.22441E+04 1.69497E+04 2.32950E+03 8.06370E+03 2.85551E+04 1.26000E+03 0.00000E+00 1.47742E+03 7.73514E+03 0.00000E+00 7.74638E+03 0.00000E+00 1.53309E+04 7.05578E+03 1.03798E+04 1.37658E+04 0.00000E+00 5.27794E+03 3.57837E+03 0.00000E+00
         2.00 2.58443E+04 9.82142E+03 0.00000E+00 9.09040E+03 1.39838E+04 5.67831E+03 2.33035E+04 1.82493E+04 1.08092E+04 7.08688E+03 0.00000E+00 2.53641E+03 1.89210E+04 9.25384E+03 1.86834E+03 0.00000E+00 2.73667E+03 7.83505E+03 0.00000E+00 7.52472E+03

     Relative Errors
                -9.50       -8.50       -7.50       -6.50       -5.50       -4.50       -3.50       -2.50       -1.50       -0.50        0.50        1.50        2.50        3.50        4.50        5.50        6.50        7.50        8.50        9.50
        -2.00 0.94216     0.66099     0.00000     0.00000     0.00000     1.00000     0.71425     0.00000     1.00000     1.00000     0.00000     0.00000     0.85194     0.65709     0.00000     0.00000     1.00000     0.00000     1.00000     1.00000
        -1.00 1.00000     1.00000     0.70804     1.00000     1.00000     0.79619     1.00000     0.00000     0.00000     0.00000     0.00000     1.00000     0.00000     0.70734     0.00000     1.00000     0.00000     0.00000     0.00000     1.00000
         0.00 0.78037     0.70755     0.71467     1.00000     1.00000     0.00000     0.00000     1.00000     0.00000     0.00000     0.00000     0.00000     0.00000     0.00000     0.00000     1.00000     0.94176     0.74658     0.60698     0.61155
         1.00 0.60392     0.70796     0.91263     1.00000     0.58074     1.00000     0.00000     1.00000     1.00000     0.00000     1.00000     0.00000     0.74800     0.61615     0.94745     0.71067     0.00000     1.00000     1.00000     0.00000
         2.00 0.60584     0.85377     0.00000     1.00000     1.00000     1.00000     0.61943     0.65489     0.77275     1.00000     0.00000     1.00000     0.70740     0.73509     1.00000     0.00000     1.00000     1.00000     0.00000     1.00000


