mcnp   version 5.mpi ld=02052015  probid =  02/22/16 15:44:00 
 c phong chup ct scanner                                                         
 Number of histories used for normalizing tallies =    1000000000.00

 Mesh Tally Number   4
 This is a photon mesh tally.

 Tally bin boundaries:
    X direction:    -10.00     -9.00     -8.00     -7.00     -6.00     -5.00     -4.00     -3.00     -2.00     -1.00      0.00      1.00      2.00      3.00      4.00      5.00      6.00      7.00      8.00      9.00     10.00
    Y direction:     -2.50     -1.50     -0.50      0.50      1.50      2.50
    Z direction:   -196.00   -195.00
    Energy bin boundaries: 1.00E-03 1.00E+36

Energy Bin:  1.00E-03 - 1.00E+36 MeV

  Z bin:    -196.00   -  -195.00

     Tally Results:  X (across) by Y (down)
                -9.50       -8.50       -7.50       -6.50       -5.50       -4.50       -3.50       -2.50       -1.50       -0.50        0.50        1.50        2.50        3.50        4.50        5.50        6.50        7.50        8.50        9.50
        -2.00 0.00000E+00 1.75967E+04 0.00000E+00 0.00000E+00 0.00000E+00 2.47648E+03 7.59671E+03 9.73541E+03 7.41716E+03 1.98055E+04 1.82871E+04 0.00000E+00 4.04553E+03 1.57691E+04 8.94302E+03 0.00000E+00 0.00000E+00 0.00000E+00 9.80878E+02 0.00000E+00
        -1.00 0.00000E+00 2.13479E+03 1.79192E+04 0.00000E+00 0.00000E+00 2.59836E+03 0.00000E+00 0.00000E+00 0.00000E+00 0.00000E+00 0.00000E+00 8.00001E+03 0.00000E+00 3.78264E+03 4.52541E+03 1.78374E+04 2.59617E+03 0.00000E+00 0.00000E+00 7.36028E+03
         0.00 2.44915E+04 3.69951E+04 5.05203E+04 2.62780E+04 1.72147E+04 1.72147E+04 1.72147E+04 2.65017E+04 1.72147E+04 1.72147E+04 1.72147E+04 1.72147E+04 1.72147E+04 1.72147E+04 1.27746E+04 1.11361E+04 1.83496E+04 1.36901E+04 3.37521E+04 2.65985E+04
         1.00 1.54995E+04 8.05783E+03 1.70573E+03 3.48791E+03 3.04406E+04 4.03079E+03 0.00000E+00 3.42856E+03 9.03701E+03 1.62495E+04 7.74638E+03 7.38412E+03 8.94403E+03 4.49910E+03 7.06241E+02 6.39484E+03 1.11359E+04 1.02308E+04 1.58891E+04 1.02354E+02
         2.00 9.90569E+03 1.81440E+04 9.42080E+03 9.09040E+03 0.00000E+00 4.81771E+03 1.90613E+04 5.63019E+03 3.16588E+04 1.31807E+04 0.00000E+00 0.00000E+00 9.18837E+03 2.40363E+03 2.30188E+03 0.00000E+00 2.40365E+03 8.16806E+03 0.00000E+00 7.52472E+03

     Relative Errors
                -9.50       -8.50       -7.50       -6.50       -5.50       -4.50       -3.50       -2.50       -1.50       -0.50        0.50        1.50        2.50        3.50        4.50        5.50        6.50        7.50        8.50        9.50
        -2.00 0.00000     0.69305     0.00000     0.00000     0.00000     1.00000     1.00000     1.00000     1.00000     1.00000     1.00000     0.00000     1.00000     0.59744     1.00000     0.00000     0.00000     0.00000     1.00000     0.00000
        -1.00 0.00000     1.00000     0.70903     0.00000     0.00000     1.00000     0.00000     0.00000     0.00000     0.00000     0.00000     1.00000     0.00000     0.74615     0.98132     0.71210     1.00000     0.00000     0.00000     1.00000
         0.00 0.58446     0.46652     0.41769     0.53828     0.71605     0.71605     0.71605     0.58236     0.71605     0.71605     0.71605     0.71605     0.71605     0.71605     0.71329     0.72015     0.63925     0.62282     0.51745     0.58778
         1.00 0.75198     1.00000     0.84480     1.00000     0.57743     1.00000     0.00000     1.00000     0.89877     0.70718     1.00000     1.00000     0.70960     1.00000     1.00000     1.00000     1.00000     0.73542     0.70927     1.00000
         2.00 0.70807     0.71012     1.00000     1.00000     0.00000     1.00000     0.70762     0.72556     0.53920     0.70727     0.00000     0.00000     1.00000     0.83581     1.00000     0.00000     1.00000     1.00000     0.00000     1.00000


