mcnp   version 5.mpi ld=02052015  probid =  02/22/16 14:10:01 
 c phong chup ct scanner                                                         
 Number of histories used for normalizing tallies =    1000000000.00

 Mesh Tally Number   4
 This is a photon mesh tally.

 Tally bin boundaries:
    X direction:    -10.00     -9.00     -8.00     -7.00     -6.00     -5.00     -4.00     -3.00     -2.00     -1.00      0.00      1.00      2.00      3.00      4.00      5.00      6.00      7.00      8.00      9.00     10.00
    Y direction:     -2.50     -1.50     -0.50      0.50      1.50      2.50
    Z direction:   -196.00   -195.00
    Energy bin boundaries: 1.00E-03 1.00E+36

Energy Bin:  1.00E-03 - 1.00E+36 MeV

  Z bin:    -196.00   -  -195.00

     Tally Results:  X (across) by Y (down)
                -9.50       -8.50       -7.50       -6.50       -5.50       -4.50       -3.50       -2.50       -1.50       -0.50        0.50        1.50        2.50        3.50        4.50        5.50        6.50        7.50        8.50        9.50
        -2.00 0.00000E+00 1.72363E+04 0.00000E+00 0.00000E+00 0.00000E+00 2.34807E+03 2.40796E+04 2.93171E+04 8.84040E+03 1.38214E+04 8.99558E+02 0.00000E+00 3.49720E+03 1.05603E+04 0.00000E+00 0.00000E+00 0.00000E+00 0.00000E+00 0.00000E+00 0.00000E+00
        -1.00 0.00000E+00 0.00000E+00 9.62083E+03 0.00000E+00 0.00000E+00 2.43659E+03 0.00000E+00 0.00000E+00 0.00000E+00 0.00000E+00 2.61257E+03 1.64860E+04 0.00000E+00 4.33217E+03 0.00000E+00 7.85647E+03 0.00000E+00 0.00000E+00 0.00000E+00 7.36028E+03
         0.00 2.65281E+04 2.82270E+04 1.60626E+04 6.45102E+03 0.00000E+00 8.37540E+03 6.10798E+03 1.76359E+04 9.11895E+03 0.00000E+00 0.00000E+00 2.30761E+03 0.00000E+00 0.00000E+00 1.51057E+03 3.08132E+03 2.41385E+04 4.39385E+03 2.18080E+04 1.96295E+04
         1.00 4.99075E+03 8.05783E+03 3.76264E+02 0.00000E+00 2.04914E+04 0.00000E+00 0.00000E+00 0.00000E+00 0.00000E+00 4.69219E+02 2.09482E+04 7.77383E+03 7.91246E+03 1.45390E+04 1.43690E+04 1.11163E+04 0.00000E+00 0.00000E+00 1.01478E+04 7.26786E+03
         2.00 4.06963E+03 8.23357E+03 0.00000E+00 1.34787E+04 9.73268E+03 5.80732E+03 9.89519E+03 1.39687E+04 1.34533E+04 1.02825E+04 6.79052E+03 0.00000E+00 9.18837E+03 1.65326E+03 2.73541E+03 0.00000E+00 2.07064E+03 8.50108E+03 0.00000E+00 7.52472E+03

     Relative Errors
                -9.50       -8.50       -7.50       -6.50       -5.50       -4.50       -3.50       -2.50       -1.50       -0.50        0.50        1.50        2.50        3.50        4.50        5.50        6.50        7.50        8.50        9.50
        -2.00 0.00000     0.70724     0.00000     0.00000     0.00000     1.00000     0.74799     0.78868     1.00000     0.93748     1.00000     0.00000     1.00000     0.75775     0.00000     0.00000     0.00000     0.00000     0.00000     0.00000
        -1.00 0.00000     0.00000     1.00000     0.00000     0.00000     1.00000     0.00000     0.00000     0.00000     0.00000     1.00000     0.70741     0.00000     0.81356     0.00000     1.00000     0.00000     0.00000     0.00000     1.00000
         0.00 0.55723     0.58723     0.60121     1.00000     0.00000     1.00000     1.00000     0.70811     1.00000     0.00000     0.00000     1.00000     0.00000     0.00000     1.00000     1.00000     0.72984     1.00000     0.53478     0.71702
         1.00 1.00000     1.00000     1.00000     0.00000     0.70716     0.00000     0.00000     0.00000     0.00000     1.00000     0.59686     1.00000     0.72092     0.67233     0.68557     0.71939     0.00000     0.00000     0.88856     1.00000
         2.00 1.00000     1.00000     0.00000     0.74890     1.00000     1.00000     1.00000     0.82392     0.65552     0.71303     1.00000     0.00000     1.00000     0.71081     1.00000     0.00000     1.00000     1.00000     0.00000     1.00000


