mcnp   version 5.mpi ld=02052015  probid =  02/22/16 08:09:44 
 c phong chup ct scanner                                                         
 Number of histories used for normalizing tallies =    1000000000.00

 Mesh Tally Number   4
 This is a photon mesh tally.

 Tally bin boundaries:
    X direction:    -10.00     -9.00     -8.00     -7.00     -6.00     -5.00     -4.00     -3.00     -2.00     -1.00      0.00      1.00      2.00      3.00      4.00      5.00      6.00      7.00      8.00      9.00     10.00
    Y direction:     -2.50     -1.50     -0.50      0.50      1.50      2.50
    Z direction:   -196.00   -195.00
    Energy bin boundaries: 1.00E-03 1.00E+36

Energy Bin:  1.00E-03 - 1.00E+36 MeV

  Z bin:    -196.00   -  -195.00

     Tally Results:  X (across) by Y (down)
                -9.50       -8.50       -7.50       -6.50       -5.50       -4.50       -3.50       -2.50       -1.50       -0.50        0.50        1.50        2.50        3.50        4.50        5.50        6.50        7.50        8.50        9.50
        -2.00 8.73007E+03 1.72363E+04 0.00000E+00 1.25799E+04 2.55128E+04 1.35184E+04 8.17707E+03 7.41716E+03 0.00000E+00 7.26314E+03 2.47227E+03 0.00000E+00 2.94887E+03 1.05591E+04 0.00000E+00 0.00000E+00 0.00000E+00 0.00000E+00 0.00000E+00 0.00000E+00
        -1.00 5.11386E+02 0.00000E+00 1.04137E+04 9.61346E+03 9.61346E+03 1.70281E+04 4.65404E+03 0.00000E+00 0.00000E+00 0.00000E+00 3.26080E+03 1.79492E+04 4.25789E+03 4.88169E+03 0.00000E+00 7.85647E+03 0.00000E+00 0.00000E+00 0.00000E+00 7.36028E+03
         0.00 2.90611E+04 1.33437E+04 7.81126E+03 1.48139E+04 1.33469E+04 0.00000E+00 0.00000E+00 9.28696E+03 8.67775E+03 5.80563E+03 0.00000E+00 0.00000E+00 0.00000E+00 0.00000E+00 1.35468E+04 4.33997E+03 8.98454E+03 6.05542E+03 1.95900E+04 3.97333E+04
         1.00 5.03606E+03 8.05783E+03 4.57214E+02 1.46935E+02 2.77068E+04 0.00000E+00 0.00000E+00 0.00000E+00 0.00000E+00 1.53290E+03 2.23020E+04 1.75444E+04 3.95753E+03 6.34978E+03 9.95651E+02 6.80238E+03 0.00000E+00 0.00000E+00 0.00000E+00 4.50107E+03
         2.00 1.31776E+04 1.31149E+04 0.00000E+00 9.09040E+03 0.00000E+00 0.00000E+00 9.89519E+03 3.44669E+03 1.09871E+04 1.88029E+04 0.00000E+00 1.12650E+04 9.18837E+03 1.03947E+03 3.03236E+03 0.00000E+00 1.73763E+03 8.83409E+03 0.00000E+00 7.52472E+03

     Relative Errors
                -9.50       -8.50       -7.50       -6.50       -5.50       -4.50       -3.50       -2.50       -1.50       -0.50        0.50        1.50        2.50        3.50        4.50        5.50        6.50        7.50        8.50        9.50
        -2.00 1.00000     0.70724     0.00000     1.00000     1.00000     0.85178     1.00000     1.00000     0.00000     1.00000     1.00000     0.00000     1.00000     0.77427     0.00000     0.00000     0.00000     0.00000     0.00000     0.00000
        -1.00 1.00000     0.00000     0.92699     1.00000     1.00000     0.65398     1.00000     0.00000     0.00000     0.00000     1.00000     0.71126     1.00000     0.88340     0.00000     1.00000     0.00000     0.00000     0.00000     1.00000
         0.00 0.58767     0.71296     0.95758     0.74080     0.71562     0.00000     0.00000     1.00000     1.00000     1.00000     0.00000     0.00000     0.00000     0.00000     1.00000     0.73051     1.00000     1.00000     0.61094     0.46412
         1.00 1.00000     1.00000     1.00000     1.00000     0.58057     0.00000     0.00000     0.00000     0.00000     1.00000     0.61701     0.70800     0.71348     1.00000     1.00000     1.00000     0.00000     0.00000     0.00000     1.00000
         2.00 0.78348     0.72984     0.00000     1.00000     0.00000     0.00000     1.00000     1.00000     0.76131     0.77547     0.00000     1.00000     1.00000     1.00000     1.00000     0.00000     1.00000     1.00000     0.00000     1.00000


