mcnp   version 5.mpi ld=02052015  probid =  02/23/16 07:22:06 
 c phong chup ct scanner                                                         
 Number of histories used for normalizing tallies =    1000000000.00

 Mesh Tally Number   4
 This is a photon mesh tally.

 Tally bin boundaries:
    X direction:    -10.00     -9.00     -8.00     -7.00     -6.00     -5.00     -4.00     -3.00     -2.00     -1.00      0.00      1.00      2.00      3.00      4.00      5.00      6.00      7.00      8.00      9.00     10.00
    Y direction:     -2.50     -1.50     -0.50      0.50      1.50      2.50
    Z direction:   -196.00   -195.00
    Energy bin boundaries: 1.00E-03 1.00E+36

Energy Bin:  1.00E-03 - 1.00E+36 MeV

  Z bin:    -196.00   -  -195.00

     Tally Results:  X (across) by Y (down)
                -9.50       -8.50       -7.50       -6.50       -5.50       -4.50       -3.50       -2.50       -1.50       -0.50        0.50        1.50        2.50        3.50        4.50        5.50        6.50        7.50        8.50        9.50
        -2.00 1.29342E+04 2.61110E+04 8.05309E+03 1.18732E+04 2.67670E+04 1.09148E+04 1.10255E+04 0.00000E+00 0.00000E+00 2.59237E+03 4.82479E+03 0.00000E+00 7.72162E+03 1.04832E+04 2.71984E+03 1.01437E+04 0.00000E+00 1.06564E+04 2.65994E+04 1.67941E+04
        -1.00 2.18512E+03 8.78372E+03 9.62083E+03 0.00000E+00 1.07814E+04 3.08367E+03 0.00000E+00 0.00000E+00 0.00000E+00 0.00000E+00 0.00000E+00 8.00001E+03 0.00000E+00 2.21590E+03 0.00000E+00 7.83365E+03 0.00000E+00 0.00000E+00 7.36028E+03 7.11678E+03
         0.00 1.65700E+04 4.68011E+03 2.86111E+03 9.66095E+03 1.17416E+04 1.21421E+04 5.12551E+03 9.28696E+03 0.00000E+00 0.00000E+00 0.00000E+00 0.00000E+00 0.00000E+00 0.00000E+00 0.00000E+00 8.73983E+03 1.02830E+04 7.00442E+03 1.86412E+04 2.89030E+04
         1.00 4.80951E+03 8.05783E+03 0.00000E+00 5.24624E+01 2.04914E+04 0.00000E+00 1.60143E+03 0.00000E+00 0.00000E+00 0.00000E+00 9.72197E+03 5.96318E+03 7.35486E+03 1.72308E+03 1.25045E+04 5.78354E+03 9.23190E+03 0.00000E+00 0.00000E+00 6.84474E+02
         2.00 1.79003E+04 1.92751E+04 0.00000E+00 1.16118E+04 9.98923E+03 1.20265E+04 1.17139E+04 2.49494E+02 1.11052E+04 7.89403E+03 4.71736E+02 7.30401E+03 1.08556E+04 5.10288E+03 1.00128E+03 6.61225E+03 2.01223E+04 2.26788E+04 7.48991E+03 1.37495E+04

     Relative Errors
                -9.50       -8.50       -7.50       -6.50       -5.50       -4.50       -3.50       -2.50       -1.50       -0.50        0.50        1.50        2.50        3.50        4.50        5.50        6.50        7.50        8.50        9.50
        -2.00 0.72806     0.57900     1.00000     0.75070     0.57906     0.78301     0.72403     0.00000     0.00000     1.00000     1.00000     0.00000     0.78250     0.71509     1.00000     0.99775     0.00000     0.72734     1.00000     0.71160
        -1.00 1.00000     1.00000     1.00000     0.00000     1.00000     1.00000     0.00000     0.00000     0.00000     0.00000     0.00000     1.00000     0.00000     1.00000     0.00000     1.00000     0.00000     0.00000     1.00000     1.00000
         0.00 0.71232     0.99802     1.00000     0.83599     1.00000     0.82121     1.00000     1.00000     0.00000     0.00000     0.00000     0.00000     0.00000     0.00000     0.00000     0.70731     0.88280     1.00000     0.56410     0.52333
         1.00 1.00000     1.00000     0.00000     1.00000     0.70716     0.00000     1.00000     0.00000     0.00000     0.00000     0.82230     1.00000     0.93663     1.00000     0.97848     1.00000     1.00000     0.00000     0.00000     1.00000
         2.00 0.62416     0.71457     0.00000     0.81242     0.88414     1.00000     0.85889     1.00000     0.75292     1.00000     1.00000     1.00000     0.82602     1.00000     1.00000     1.00000     0.62102     0.57797     1.00000     0.71026


